5.70160093207e-08
1.04934606367e-07
1.95406518417e-07
1.99945535256e-07
4.61892290857e-07
8.24485115997e-07
2.00643684846e-06
3.22819842583e-06
3.41367525862e-06
3.92791580701e-06
4.35202334147e-06
6.90480291787e-06
7.10201389187e-06
9.85194513774e-06
1.44413189503e-05
1.51794597227e-05
1.87784463458e-05
1.88604097319e-05
2.18788560897e-05
2.97230941354e-05
3.52839794137e-05
3.86671644975e-05
4.19547006852e-05
4.47501444848e-05
4.54334824272e-05
4.94602835706e-05
4.9472300048e-05
5.18899437299e-05
5.67591252988e-05
5.86680824985e-05
6.04185583357e-05
6.40801254021e-05
7.29772828752e-05
8.09334756995e-05
8.39300212013e-05
9.79475576773e-05
0.000110112224128
0.000121686688854
0.000127215264162
0.000148591959571
0.000156202169373
0.00015785689654
0.000177387491098
0.000185003112671
0.000197624187727
0.000197640875956
0.000200829586575
0.000208860679256
0.000209072012726
0.000229081614797
0.000234210645684
0.000259865179449
0.000260578754872
0.000269428694825
0.000298717172625
0.000300071852704
0.000300320929596
0.000303642842508
0.000309467142004
0.000312911192601
0.00031477632042
0.000355800227621
0.000361706503294
0.000373434937723
0.000374380731193
0.000385983746017
0.000427349325033
0.000443037124816
0.000453510487037
0.000479857002127
0.00049861584269
0.000522599238379
0.000525135076704
0.000527616431002
0.000550341005542
0.000565967826593
0.000586127104357
0.000590381229654
0.000591205997193
0.000633061121296
0.000676889018424
0.000678803076544
0.000702726172953
0.000713629521314
0.000717267137879
0.000720320151064
0.000720615268453
0.000735543981435
0.000739794510296
0.000746616111979
0.000750402910426
0.00076409583636
0.00077022141478
0.000773785352131
0.000775526228095
0.000793776338846
0.000798660093783
0.000807631315688
0.000810192862643
0.000841314260269
0.000846774090699
0.000865551122636
0.000900507765581
0.000916527696404
0.000928871749693
0.000939217653961
0.000952282282517
0.00101878248738
0.00104217906822
0.0010937697578
0.00109576036893
0.00109937756209
0.00112319818168
0.0011303123058
0.00118815729293
0.00119859950593
0.00122811687622
0.00123978614418
0.0012410939439
0.00129204024106
0.00132536773829
0.0013397643913
0.00135686179914
0.00138309383946
0.00139239761927
0.00141270743821
0.00141883271847
0.00144047060078
0.00147088463608
0.00150070937918
0.00150259571835
0.00152402396437
0.00154346407645
0.00159731099546
0.00162845863723
0.00163364739207
0.00165670271
0.00168500713497
0.00173404629155
0.00175384116121
0.00175568818032
0.00185095781197
0.00191677812763
0.00192369337446
0.0019386639266
0.00195561396609
0.00199119680748
0.00205003370751
0.00206462670198
0.00206592611768
0.00210584813265
0.00214746923501
0.00215304647667
0.00216673071746
0.00219213767702
0.00227584420302
0.00231802540898
0.00232678590006
0.0023346233358
0.00236146698598
0.00236703083451
0.00252647177123
0.00252717434845
0.0025488824956
0.00256722638171
0.00259117705642
0.00262920668107
0.0026405836131
0.002690753261
0.00276643182271
0.00278890380312
0.00279560579883
0.00280527801968
0.00283134900831
0.00296920920982
0.00300730375394
0.00301067634362
0.00305355141837
0.00305633378396
0.00307323324666
0.00311787645522
0.00315771272825
0.0032906995421
0.00331939138588
0.00343208274089
0.00347063907814
0.00347125427151
0.00347459290631
0.00351641713689
0.00352321752308
0.00360249644893
0.00365006030614
0.00366364690365
0.00367176713633
0.00368854860649
0.00369448946906
0.00376304693613
0.00378235677743
0.00379137609742
0.00379647228711
0.00380235423434
0.00380559645224
0.00381313501839
0.00382042201386
0.00383285336278
0.00393343462
0.00408191160222
0.0041247630149
0.00418203011131
0.0042387207936
0.00435716924778
0.00439780734615
0.00444303988027
0.00451354191969
0.00461007442752
0.00477052719858
0.00482263883096
0.0048707604385
0.0048814678705
0.0049971169279
0.00513419890892
0.00518609201337
0.00521325121886
0.00525457747386
0.00544510896853
0.00547929269565
0.00549947215917
0.00550248395944
0.00558845465265
0.00561972472818
0.00565344409507
0.00573021175272
0.00578269838494
0.00596806770526
0.00597953439406
0.00604702189925
0.0061032837495
0.00613323290185
0.00614969030506
0.00616246525608
0.00621707852481
0.00623150737097
0.00624141391652
0.00631125531277
0.00632696002014
0.00635620540867
0.00638795353825
0.00639799737675
0.00642964018826
0.00646819017057
0.00648938395018
0.00652424100778
0.00657702335537
0.0065955010556
0.0067070236605
0.00679851629663
0.00682112070726
0.00690646114453
0.00693335470431
0.00709416067232
0.0071111100619
0.00717446338848
0.00723531345766
0.00727753138775
0.00731977138867
0.00736851753527
0.00738201863276
0.00738646275792
0.00739262745645
0.00740929623045
0.00748339257732
0.00750175370228
0.00758074304271
0.00762057107967
0.00768294756563
0.00768803320906
0.00777559407721
0.00778560329037
0.00783404840015
0.00789659581045
0.0079097221024
0.00795502097722
0.0079735182114
0.0080068482895
0.00802008121982
0.0081698471009
0.00817468662102
0.00817572458162
0.00818506441722
0.00822642040882
0.00823952469747
0.00838427843877
0.00841289109336
0.00843980135761
0.00853794858282
0.00863845352684
0.008663265948
0.00869025571952
0.00876171293479
0.00878437283011
0.00883788381364
0.00886771729121
0.00890920068424
0.00908344814635
0.00909991772225
0.00916513644225
0.00919908517376
0.00921580225292
0.00924867466659
0.00951919785965
0.00971889829015
0.00974941673409
0.0098849904102
0.0100429032279
0.0101008943423
0.0101061560566
0.0102235074763
0.0103318742912
0.0103407382249
0.0105534761009
0.010582859197
0.0108015091342
0.0108403714916
0.0108668098527
0.0109729391023
0.0110401128189
0.011262883551
0.0112659885094
0.0112792697059
0.0113021329923
0.0115585020001
0.0116710636823
0.011869327978
0.0120520419539
0.0120906879994
0.0120968963465
0.0121710476946
0.0122866854737
0.0122870441615
0.0123606721016
0.0124460137339
0.012562764239
0.0125907595185
0.0127459114316
0.0127842530658
0.0128284176113
0.012869948033
0.0129803064423
0.0130132317302
0.0130353508715
0.0131030190292
0.013221634111
0.0132400336981
0.0132402120637
0.013250961903
0.0133188365868
0.0134041195401
0.0134100960791
0.0134713940356
0.0135204396292
0.0135447326708
0.0136162937211
0.0139829283393
0.0140494334142
0.0143116409842
0.0143566402175
0.0144037638206
0.0144522885341
0.0144893253958
0.0144998181323
0.0145460627495
0.0147605417814
0.0147854884754
0.0148201791876
0.0149765263249
0.0151279002384
0.0151716301304
0.0151988253879
0.0153616652707
0.0155468389695
0.0155801727499
0.0156081748472
0.0156235899936
0.0157058819259
0.0157788108168
0.0157901447728
0.0159930771775
0.0159993810841
0.0160425860217
0.0162098894408
0.0163810822705
0.0164012194307
0.0165019573732
0.0165246038312
0.0166673726602
0.0167917996333
0.0168697938533
0.0169768388011
0.0171169155332
0.0171225971878
0.0171232862491
0.0172649233208
0.0175656428209
0.0176687888809
0.0177646340088
0.0178130113948
0.0179601673945
0.0181124308724
0.0182934338534
0.0183245616149
0.0183464968795
0.018356092586
0.0183767181213
0.0184484206151
0.0184923420836
0.018580160893
0.0187203637919
0.0188108898604
0.0190664555413
0.0192198401005
0.0194577897457
0.0195873653415
0.0196349545571
0.0196419974044
0.0197260993199
0.0197392719143
0.020144763532
0.0203165815848
0.0204957097978
0.0205502233313
0.0206708010468
0.0207668805245
0.0208401965062
0.0208435572399
0.0208957470342
0.0209079274258
0.0209168415739
0.0209234718294
0.0209540333429
0.0209611481843
0.0209645217172
0.0210334085411
0.021043384073
0.0210470100772
0.021107300727
0.021252611873
0.021652301403
0.0216594617976
0.0218219219056
0.0218874788333
0.022007707462
0.0220327247354
0.0221374591886
0.0222412973773
0.0224744705575
0.022515828306
0.0225543124002
0.0226776392235
0.0227547252866
0.0227761009816
0.022817754263
0.0230416070581
0.0231326733988
0.0231628758129
0.0232146615716
0.0232171796957
0.0232189830945
0.0232562187109
0.0233161912793
0.0233372796266
0.0233503979275
0.0233607049543
0.0234129105129
0.0235449047875
0.0235453049274
0.0235479747358
0.0236935276188
0.0237309258263
0.023842787034
0.0240775787492
0.0241531554942
0.0242046230982
0.0242693817829
0.0243170910546
0.0243488348101
0.0243598894591
0.0243990093456
0.0245209048313
0.024616647727
0.0246661851335
0.0246734799199
0.0247370697926
0.0248749066339
0.0248857746333
0.0249444419248
0.0251846003339
0.0251972648764
0.0252545199093
0.0252932686468
0.0255050569668
0.0255850791069
0.0256427046916
0.0257067079808
0.0257725214334
0.0259847161118
0.0259917586203
0.025993806881
0.0260255865951
0.0261057976393
0.0261254417573
0.0262832099139
0.0264062245829
0.0267382738638
0.0268755583164
0.0269169835047
0.0269853000962
0.027588102863
0.0277409236365
0.0279448226913
0.0279681592634
0.0280409472714
0.0282848479353
0.0283196880195
0.0284302530619
0.028493506097
0.0285748665704
0.0290916576371
0.0297883239667
0.0298234577145
0.0298290114992
0.0299829173038
0.0302776396904
0.0303602425733
0.0306321804395
0.030818000382
0.0309709802268
0.0314786978767
0.0315090742817
0.0315142239272
0.0320343463228
0.0321766319665
0.0321845581833
0.0323900235196
0.0325922035848
0.0327368598722
0.0328488165023
0.0333539310282
0.0335618379732
0.033663905624
0.0337272036641
0.0337743960268
0.0338333823484
0.0338943628961
0.0339254779567
0.0340065709337
0.0340644664324
0.0340923481795
0.0343424604581
0.0343933300268
0.0347056878442
0.0349364801297
0.0352324416888
0.0352661573445
0.0354992407616
0.0362905761786
0.0363116007397
0.0363378485483
0.0363657361246
0.0363678616834
0.0363922896879
0.0365125416082
0.0365302863901
0.0366946670594
0.0367822617004
0.0371976865363
0.0371977378683
0.0372096239358
0.0373663430496
0.037648692753
0.0378017645967
0.0380049544251
0.0380558320857
0.0382716039056
0.0385829837145
0.0385869610645
0.03877334245
0.0387826974904
0.0394373574626
0.0394894132889
0.0397012337212
0.0399287337721
0.0401768440256
0.0404528463101
0.0404592676336
0.0405103886037
0.0405537675007
0.0405631903946
0.0410474093214
0.0410644376406
0.0412585074084
0.0413234129194
0.0413253239689
0.0413407466734
0.0417697718694
0.041967605569
0.0419702693774
0.0420555456678
0.0422812871931
0.042448205306
0.0425198763116
0.0429686283852
0.0438372597017
0.044173429238
0.0441945022816
0.0442058629127
0.0442189926311
0.0442741448864
0.044381634551
0.0448428008286
0.0448542856728
0.0449605019508
0.0449972529186
0.0450113068101
0.0450704042452
0.0454503304749
0.0457740092983
0.0459923722418
0.0462834633764
0.0463024675186
0.0463069193213
0.0463897735186
0.047281336002
0.0473433624343
0.0473471498623
0.047525276234
0.0475476919238
0.0476193966133
0.0476297236359
0.0477955061402
0.0478450914425
0.0480467808224
0.0485004771697
0.0486704457677
0.0490051633432
0.0490361201135
0.0492067549535
0.0492099691452
0.0494705513645
0.049482255594
0.0496329891154
0.0498516454529
0.0499075827749
0.0505407398857
0.0506787185712
0.0507723844147
0.0510042527478
0.0510575417976
0.0511466239734
0.0513206482122
0.0518361955064
0.0520632179629
0.0521040821134
0.0524207767058
0.0526483752743
0.0528046600944
0.0534814039462
0.0541429812949
0.0545025762635
0.0546664415475
0.0549414049339
0.0551653090163
0.0553829787687
0.055402233915
0.0556474791182
0.0556772637848
0.0558016157622
0.0558991803085
0.0560270695953
0.0560557208088
0.0562352508806
0.056307225099
0.0564509277534
0.0564885072024
0.0564948579157
0.0565905978909
0.0566146543422
0.0566303196843
0.0566909968029
0.0568682745054
0.0573533029368
0.0574600529712
0.0577764104104
0.0578468466769
0.0578888713462
0.0580032400564
0.0580829033095
0.0585332601821
0.0586493832374
0.0588512151118
0.05923398211
0.0592954998851
0.0596632193297
0.0598038608948
0.0598918811044
0.0599352306642
0.0600906806379
0.0602199669562
0.0603332698795
0.0607078822129
0.0608442400237
0.060892245534
0.0612015909568
0.0614009521725
0.0617676285826
0.0618694128904
0.0618710678363
0.0619121465513
0.0619449641081
0.062282958453
0.0622860360772
0.0623697251066
0.0627685593524
0.0627958853017
0.0631886158366
0.0632645489979
0.0635713828976
0.0639325621439
0.0639985840921
0.0641360375447
0.0641813410961
0.0644321020382
0.0646822401219
0.0648994919447
0.0652894334449
0.0655713728457
0.0656716873216
0.0658503981219
0.0659829475334
0.0662658481094
0.0664584077234
0.0664774709844
0.0665047764187
0.0667370775502
0.0667936190833
0.0670496501474
0.0670605592677
0.0672017791303
0.0681954720708
0.0683821647877
0.0685489220024
0.0686392987018
0.068962517638
0.0693776436062
0.0695364007662
0.0695604044361
0.0696547344469
0.0696632104344
0.0696711886265
0.069672428092
0.0703770371767
0.0707724576177
0.0710650694792
0.071134247652
0.0711509139625
0.0722314686369
0.0725537562789
0.0726595424913
0.0728372778557
0.0731925988201
0.0735414087229
0.0735480264029
0.0735875896539
0.0738832683429
0.0739240192371
0.0742315503396
0.0743046887516
0.0745105491666
0.0746534782579
0.0748161522382
0.075285752812
0.0755179109175
0.0756119668133
0.075631012203
0.0757667543757
0.0758074382303
0.0758800037724
0.0760545565322
0.0760742939289
0.0761394853598
0.0761963407179
0.0766444667402
0.0772829173011
0.0775507847503
0.0777000502121
0.0778027800287
0.0778427764327
0.077855003009
0.0784035247275
0.0784577206481
0.0787327997995
0.07908051879
0.0792729659168
0.0796564215614
0.0797159769928
0.0798939729753
0.0800527868225
0.080284533344
0.0803364106961
0.0803993953131
0.0812618281844
0.0812866706159
0.0813874860477
0.0816829554646
0.0820620118701
0.0822237305499
0.0824372782682
0.0825578726
0.0831881671808
0.0834075754436
0.0836644527446
0.0838349622667
0.0845622197325
0.0851795529951
0.0852749720615
0.0853409318614
0.0853588293853
0.0855141736695
0.085613999027
0.0857543431455
0.0858058110129
0.0858619235307
0.0860438210209
0.0862763656955
0.0862813625344
0.086569135377
0.0872333137946
0.0874452063988
0.0879410763097
0.0880517335584
0.088283123924
0.0886700804729
0.0889275831304
0.0894414703526
0.0900789456703
0.0902177795659
0.0902332926873
0.0903143844139
0.0907782444423
0.0918602906161
0.0921852062163
0.0922260045855
0.0923043041312
0.0923876879957
0.0924394239889
0.0925736199748
0.0926356556421
0.0927786690085
0.0933251105143
0.0934448553997
0.093530515293
0.093900482441
0.0946928745421
0.0951470708943
0.0954665291756
0.0960371344982
0.0965597296284
0.0967378514635
0.0968326258174
0.0975595366607
0.0976088718477
0.0980061097983
0.0988041217679
0.0995431358152
0.0999585259948
0.100376264686
0.100573253132
0.100987106996
0.101076875465
0.101825352577
0.101877957714
0.101998751796
0.102210445227
0.10242933113
0.102554418342
0.102629431376
0.102667134377
0.10299715541
0.103042931263
0.103123570104
0.103542502789
0.104230147103
0.104979797223
0.105575102344
0.105955547563
0.107397944992
0.10745552097
0.107873031033
0.10833834916
0.108587463332
0.108881111017
0.109107476822
0.109178913441
0.109377930522
0.109865476837
0.110184769126
0.110667182183
0.111358981445
0.112396235525
0.112450813356
0.112666160442
0.113787543024
0.114040635629
0.114180949477
0.115457861654
0.117310120893
0.117321638531
0.117460381534
0.117975594098
0.118296861651
0.11893389815
0.119062654407
0.119637418311
0.119661494989
0.119801152043
0.120525552064
0.120571037411
0.120686032138
0.120781569831
0.122271438888
0.1223916947
0.122605056714
0.124608638817
0.125242173512
0.125242914552
0.125995489579
0.126508318875
0.126632919412
0.126699568583
0.126709493897
0.127134087908
0.127828418586
0.129784633547
0.130009308133
0.130194158135
0.130225528545
0.130776953649
0.130865564877
0.130868418877
0.131298448288
0.13138119199
0.132011350231
0.132409723357
0.132651376117
0.132987884238
0.133341672612
0.133911222487
0.134137544289
0.134750144516
0.136650223393
0.137054861947
0.137443646278
0.137633281243
0.137796934427
0.138282312022
0.139638947749
0.139652240902
0.139934861474
0.140471141704
0.142902954724
0.143552059857
0.144308068258
0.144857835222
0.144921903648
0.145164346377
0.145584556585
0.146233293803
0.146265170594
0.147136942261
0.147746060492
0.149610936368
0.149880840863
0.150520749507
0.150748558993
0.150795799882
0.150895356473
0.150993253432
0.151722961161
0.152563754157
0.152679824993
0.15278200365
0.15289918629
0.15322468039
0.153558043477
0.154197510274
0.154203900063
0.154341563783
0.155495765839
0.1555982295
0.156016513897
0.156528995815
0.157104458778
0.157243531646
0.157901876093
0.159532679155
0.159703606276
0.159893519491
0.160078692984
0.161666215892
0.161914939193
0.162020325112
0.162382785482
0.163622039825
0.164239097714
0.164782100525
0.164795958688
0.165854616188
0.165989780795
0.166930193317
0.167217040469
0.168495809321
0.168585967549
0.169080805912
0.170055582286
0.170304263779
0.170360486887
0.170584616996
0.170636647702
0.170866206316
0.171010436875
0.171508934767
0.171607653585
0.171611832642
0.174427749661
0.174561709936
0.175373281384
0.177503436934
0.177674337527
0.179653889258
0.179898355695
0.180020832175
0.180337559193
0.180468537637
0.180967441719
0.181721348962
0.181794549892
0.181834500899
0.18273399295
0.184832620547
0.185233313944
0.185844200437
0.187909259908
0.189377158121
0.189485116226
0.189894978223
0.190120155573
0.191324271157
0.191855905658
0.19226640913
0.195045448491
0.195361695174
0.195865043333
0.197024123153
0.197207851732
0.19744897403
0.19750734309
0.199151568439
0.199257368852
0.20034047036
0.200799864096
0.201379342118
0.202794195965
0.202989711962
0.203172645126
0.203855164267
0.205717109959
0.206143727597
0.206317924271
0.20931128975
0.210277363904
0.211384295646
0.21234986968
0.214185228746
0.214767626795
0.216047563936
0.216653558078
0.217292585619
0.218628538827
0.218671124794
0.218787326411
0.220120053719
0.221818615105
0.223377598286
0.22445607885
0.225875975805
0.226658291526
0.226703689116
0.227755675721
0.227815840809
0.228235545746
0.230342797306
0.231967028197
0.232057138533
0.233518005601
0.234414734196
0.234629075714
0.236954045767
0.238895091315
0.239551631431
0.241141928984
0.242244089707
0.243704149372
0.243866988975
0.245951529226
0.24621654835
0.248263342315
0.25046930517
0.251616267305
0.252262499889
0.254201977554
0.254243369971
0.255630424519
0.256225982171
0.257112580275
0.257271828105
0.25817319336
0.258535846504
0.258925616706
0.261603277807
0.262657609573
0.264870120713
0.265377395095
0.265805769616
0.265994508598
0.266412526553
0.266617022937
0.267295360254
0.267696461167
0.269516260285
0.269613834106
0.2697419761
0.270015810807
0.271148377974
0.274728022844
0.274992236655
0.276216055347
0.277595650363
0.28485842499
0.285751677598
0.285993913011
0.287051790692
0.287489758671
0.287756271495
0.290317734319
0.290922613327
0.291397781585
0.291801698374
0.292575690296
0.292965692421
0.297416336525
0.297747167846
0.297920086983
0.298907310325
0.298951493975
0.300442766168
0.301433314851
0.301676217538
0.303217399643
0.303403467677
0.305811113556
0.307411812928
0.307670652343
0.30886869339
0.310372674821
0.312336973589
0.312642089975
0.312781707421
0.312888251741
0.314807412119
0.314907466932
0.315218662667
0.315269996189
0.31641469213
0.317280204751
0.319497667531
0.322748888567
0.322820665522
0.324053986193
0.324326108319
0.325231135745
0.325577568772
0.326277060672
0.326908947362
0.329878691442
0.330022320568
0.330735558254
0.331230331777
0.333672475617
0.333820774917
0.334293234862
0.334475484219
0.337410687321
0.338953075655
0.339058921582
0.339896013715
0.340217565849
0.340819239507
0.345880583342
0.345898227173
0.347950607653
0.349300875737
0.349865435537
0.351297541289
0.352193638119
0.352347397254
0.35352967441
0.354528771184
0.358024038527
0.359610864634
0.360414666213
0.363469858859
0.36416896679
0.365782745266
0.365866422965
0.366039372246
0.366724474828
0.366827487465
0.367006275464
0.369354407492
0.370880979822
0.374125767512
0.375573107715
0.376866521853
0.377984347878
0.377994068747
0.381521369459
0.383560341841
0.384522071643
0.385291187904
0.387776975372
0.38792083349
0.394431889883
0.395642010321
0.395749469156
0.39723200141
0.398880348222
0.400741543938
0.401303450225
0.40265027471
0.402690808326
0.405471984759
0.407965903815
0.408814097911
0.410645640892
0.412559514354
0.413176917065
0.413978369481
0.415027831896
0.416793626941
0.420415100545
0.421332939664
0.424813019921
0.426151881401
0.433318171417
0.435447778969
0.440765932143
0.441582031277
0.441817112666
0.443963891577
0.445796612072
0.44725098615
0.447978341792
0.448187715269
0.449169466744
0.449600778675
0.451820951154
0.455611379704
0.457616768548
0.458992270117
0.460919390427
0.463610546892
0.464336434827
0.465130929141
0.466652715784
0.467111115448
0.467402673587
0.47006723182
0.47285580407
0.47520769131
0.479304848099
0.482667005162
0.484780078653
0.48528522403
0.488347409174
0.491099527892
0.491984904967
0.492155621998
0.493543097124
0.494056706809
0.495609742745
0.496799480103
0.50408614687
0.506718603284
0.512573702205
0.518812932153
0.52467948729
0.526109816045
0.526623624926
0.526724195982
0.526769874852
0.528905946911
0.529017401642
0.529077041169
0.532158119299
0.538721605844
0.538868708853
0.538951078417
0.549112592259
0.549538310479
0.551824588873
0.553252106906
0.56027108158
0.563262736266
0.565582519524
0.565945996197
0.565946333326
0.567140810607
0.569097597866
0.56932926976
0.56942403711
0.57173372882
0.575702760422
0.57640985984
0.577223597909
0.587536057515
0.587564262727
0.588409638157
0.589466343703
0.596980747719
0.597818351967
0.605864790581
0.61430619582
0.615836820666
0.616295263203
0.620110588333
0.624299106936
0.625994638706
0.626875529142
0.627919328048
0.628011994571
0.629578626724
0.631213862365
0.632255154605
0.63477581483
0.635423903704
0.635785325262
0.638407099936
0.640201406041
0.645939563869
0.646243217139
0.652412618231
0.656570190849
0.656894464278
0.664593295916
0.664791359958
0.66557424947
0.666489635011
0.673100987448
0.67519791756
0.676745797951
0.678173879125
0.680271540902
0.68154927876
0.681619226492
0.681846341701
0.684134177976
0.689161165835
0.690815590029
0.691756130241
0.693435270199
0.697058950001
0.699596151759
0.700111273554
0.704493686714
0.704642747739
0.707316487872
0.707323075513
0.708730335129
0.709147486155
0.714686344286
0.718161974316
0.723212892373
0.731130088417
0.742648696491
0.753075328651
0.763191344153
0.765318494207
0.766085310315
0.768280232043
0.771412075283
0.773662439242
0.773975259511
0.778231411155
0.781762602802
0.783888468136
0.787311212854
0.790958200455
0.797465843913
0.799153560951
0.799990199055
0.802414721702
0.808553893695
0.809128700981
0.818335361133
0.824276859778
0.834735600635
0.835475901045
0.836614201439
0.837156176592
0.840600426861
0.849763446109
0.850787711529
0.854858837934
0.867143254311
0.878998170953
0.882096303329
0.891068779205
0.891873208493
0.893313003874
0.898772881261
0.903621923454
0.904314939206
0.91022031334
0.912687277235
0.913744816566
0.918755806496
0.919446829425
0.928846049894
0.92936741551
0.932356515501
0.93922421069
0.945948849888
0.947138817639
0.952920138497
0.953561513447
0.95485789234
0.956348287816
0.961452476432
0.962220978581
0.963008362161
0.967951933551
0.970383595418
0.975515941304
0.977644664137
0.978232419548
0.980635533077
0.990347792275
0.990774121554
0.997377538457
1.00507913615
1.0061022786
1.00987276468
1.01008877719
1.01234478746
1.01761896994
1.02566861751
1.02877907769
1.02919838073
1.03762999908
1.05352760527
1.0606574075
1.06163860389
1.07167866437
1.08351337839
1.0965527497
1.09786469506
1.09923100817
1.11010744058
1.11580731371
1.12438792163
1.12461678027
1.13123993071
1.13671794288
1.13678114837
1.14551059213
1.15327740256
1.15376518458
1.16354029281
1.17703667066
1.1790706884
1.17989144061
1.19110733253
1.19148362491
1.19860107128
1.19915591288
1.19943695194
1.20043786368
1.20280035127
1.21436525481
1.22028329761
1.22327873771
1.23545991248
1.23810259271
1.23848494423
1.23923231036
1.24676392556
1.2528926266
1.25364566644
1.25710325267
1.26120558478
1.26178610012
1.2736481387
1.28403165617
1.28403657895
1.28607032529
1.30319225788
1.31669889536
1.32547306462
1.32641248618
1.33063818177
1.33347132938
1.34141988081
1.34698681887
1.35177793395
1.35613457322
1.35681940653
1.36705675682
1.3759115589
1.37630138304
1.39225576371
1.3938227628
1.42052820568
1.42088154743
1.42960698
1.44050743829
1.44387700636
1.44729406375
1.45139491832
1.463433178
1.48280465459
1.48952478457
1.50159998603
1.51297034342
1.52124757102
1.52190532482
1.52766318375
1.54248051104
1.55009614181
1.55424097298
1.55606025452
1.56628886272
1.5776949766
1.58379824255
1.59127754652
1.60130594326
1.62473430038
1.62845207723
1.63304253506
1.64963171752
1.65431979585
1.65782263605
1.65937501762
1.66027008716
1.66351453982
1.6799540034
1.68030916812
1.6915375274
1.70925328805
1.71659678111
1.72375726464
1.72890046632
1.74578163568
1.76153609382
1.77997276283
1.7961891604
1.81674383593
1.83798608643
1.84975833889
1.85187916133
1.86316987678
1.87501084813
1.88390002651
1.89079006125
1.89085645542
1.89172316617
1.89704130915
1.90870491398
1.92723261761
1.9409828516
1.94985820314
1.95527703019
1.96557223808
1.98076612043
1.98868452527
1.99037941452
1.99604026386
2.01296918415
2.0217827656
2.03242921185
2.03356613674
2.03989551983
2.04113539796
2.04261158949
2.04874716542
2.04963667625
2.05312480267
2.06825217716
2.0686060505
2.07357633774
2.07828907804
2.09982171439
2.16110721568
2.19172500377
2.22202605413
2.24564578958
2.27051676269
2.36074159963
2.38473198584
2.40891746777
2.47692072952
2.52711516068
2.54152851562
2.55339215412
2.55874030846
2.55917210755
2.62259473415
2.6346379776
2.67155904263
2.69416656474
2.71392521178
2.74942516908
2.81879539531
2.84219629725
2.8716308205
2.8765640029
2.90287459432
2.91052604078
2.91404388013
2.94022022442
2.96581680741
2.97512355989
3.01235902629
3.05711785474
3.0740779726
3.09226800165
3.12131722613
3.13999720126
3.17403701517
3.19893497158
3.22016247975
3.23252263194
3.23546882728
3.25980381609
3.2738107467
3.34294583525
3.41941353469
3.46066695675
3.58144264249
3.60888907094
3.63203778389
3.63416871902
3.64512884043
3.65409169792
3.72355689995
3.79059434844
3.80089617334
3.85705881931
3.92449741706
3.92875163351
3.93855881813
3.99841422774
4.0302187543
4.0587917116
4.09194902111
4.11258876643
4.12690921784
4.16158074245
4.25325244408
4.35644261858
4.38151057015
4.45663376027
4.47676510811
4.52608821444
4.63915072715
4.6656955738
4.66900541054
4.68648398652
4.72102403239
4.74296341916
4.75792429975
4.77513909838
4.79378417501
4.82770179797
4.84709535481
4.9090080084
4.94443520065
5.04921733684
5.15443972715
5.22672595366
5.37329694267
5.45127881955
5.47759156607
5.62102125561
5.69291130156
5.74987913207
5.75505278987
5.94843524823
6.03660202399
6.09678303952
6.13470547881
6.14087044536
6.15396572611
6.16368329959
6.23866191046
6.42431268446
6.52048885463
6.55169227614
6.62597244961
6.69135505752
6.87883807246
6.93829923579
7.27499641695
7.38129635941
7.56080994924
7.57548857327
7.60400816334
7.7867926534
8.2638907257
8.52009948574
9.02086070745
9.07556228864
9.2984575432
9.94269088604
9.95735763598
10.5197971786
10.6009215758
11.0118242211
11.3246567359
11.4967268176
11.7192945231
11.9592622399
12.1572626829
12.2739753709
12.329385768
12.5293349272
12.5450241061
12.6132611441
12.7494186567
12.8905987982
12.9060482011
13.1453419167
13.65224941
14.1873440472
14.209812359
14.3638919316
15.1700760825
16.216873361
16.2353861623
16.6914549757
19.3851816833
20.133995648
20.6112971265
21.7073406539
23.8148170583
33.73115761
34.9789160395
39.1783503165
40.135966263
42.8086026035
61.7711593042
88.3363321163
