0.0496876907253
0.0493139629105
0.0446835277415
0.00731534236614
0.0247678938519
0.0849697918514
0.506262070475
0.132346026057
0.0077578738039
0.0259047979806
0.384117779196
0.125640738877
0.0123838772938
0.00538739675258
0.168215019387
0.326497402895
0.0828942140146
0.0977817196227
0.20541261342
0.231602252914
0.00731653328206
0.258580467771
0.00571670362749
0.0195290304336
0.0282293336568
0.0133692011184
0.274599567175
0.0726291679948
0.062603294006
0.079512596242
0.0741361205356
0.488001056524
0.159098087156
0.326623788011
0.0361346357278
0.373721980846
0.444669666961
0.0669757384399
0.00629797103505
0.0064613703061
0.0233082659053
0.118804613823
6.58153460931e-05
0.0237975381771
0.367230407939
0.118424372854
0.133583060547
0.0576711344191
0.0400677739763
0.255455301397
0.183084964611
0.0957423533575
0.076326367231
0.466963228449
0.00417691785269
0.000913413308237
0.0206983546908
0.383102917047
0.243360899542
0.00227896402038
0.465035867863
0.0758396717649
0.201229769466
0.180490569713
0.538419692381
0.056514317515
0.080739503552
0.00877731750388
0.333400859083
0.346499775947
0.0198421591507
0.0686088893747
0.0440214015528
2.16139973276e-07
0.095795803687
0.00698861514137
0.455159577672
0.0242221084397
0.0342765551494
0.524255025878
0.189167397865
0.0563013744231
0.316891009012
0.000314615835287
4.42437045628e-05
0.00210165265557
0.0662895740994
0.112974514087
0.0779384263489
0.492721262135
0.131718159823
0.0242128770784
0.34891679295
0.170006015424
0.0674412761454
0.0744815801763
0.154589099611
0.00755511054781
0.222277522517
0.214636916121
0.0552575243305
0.0149222753946
0.0232956182383
0.0729063703929
0.017240658295
0.137451713236
0.126426542105
0.0137436744422
0.333263793436
0.0665195675014
0.299575366848
0.13703271263
0.0944485979712
0.037666161007
0.00342908000273
0.150256980919
0.0065562050847
0.0625036378008
0.0054266220285
0.0210424473292
0.00210173255088
0.00214192728893
0.0167016282018
0.0278214147942
0.322443416885
0.287128614606
0.0208485917066
0.0572947505014
0.0526354360276
0.0261713286731
0.00196120882459
3.98484991993e-05
0.312148823634
0.0381635828639
0.0161528766261
0.0142590969255
0.0156453173803
0.19987253397
0.47493927876
0.00622600705937
0.00259050946915
0.00832248848702
0.0747571210382
0.00434815493131
1.76175591684e-05
0.0536824539481
0.0587435095976
0.00860985131728
0.010882953717
0.0281806007458
0.0445653329883
0.0121816635377
0.00320318592479
4.63225419243e-05
0.0209964668624
0.085559959811
0.0258699832171
0.0143039026492
0.219285292436
0.286659341897
0.0625258071095
0.225201266841
0.00708573367983
0.23486033965
0.192281425662
0.0065119525194
0.00370826333746
0.0474494124589
0.322247050154
0.197312769677
0.0790017628643
0.0156171408749
0.00305167904594
0.155289625439
0.0904828747611
0.0386512079958
0.00384997440392
8.77973720215e-05
0.0850967056603
0.0185646312688
0.00162985613575
4.40704004717e-05
0.0524807382817
0.0456173055447
0.130002298525
0.268280700458
0.463196259443
0.0281746910967
0.250066035261
0.0218975417664
0.29313146588
0.160257365075
0.126422658413
0.0639045644244
0.25227173675
0.153117678845
0.0593708918595
0.275769180647
0.565018736005
0.292529307764
0.000355627647199
0.177227207882
0.13335983472
0.146616044124
0.00195360345792
0.000286779282969
0.0122009853551
0.00859126512748
0.00316558674713
0.02424239516
0.0231022695927
0.00151242523777
0.00248715819947
0.000890120887356
0.0129486556452
0.1468743907
0.0055921674689
0.181540781147
0.0225528840885
0.0605227771578
0.00357168364732
0.0134234827313
0.000546834912076
0.0805968008942
0.0480608858354
0.0188347861723
0.303004570142
0.137249547376
0.441329539773
0.56328396994
0.386024408287
0.146594523898
0.376715089913
0.552626080456
0.121093789008
0.0551752839139
0.102520642138
0.0509837687699
0.0998504173411
0.0471748319398
0.113770976219
0.00327386202336
0.000444303761141
0.0440642591883
0.00622220067852
0.00810087836721
0.101375249821
0.0262844157245
0.369050277405
0.0612191445021
0.0431628303346
0.239192834076
0.00882308991664
0.152920853058
0.0657458484063
0.530023100018
0.325809530759
0.0316263236909
0.395209178642
0.0226699796099
0.00124086005315
0.081930659097
0.170531022466
0.00605486381869
0.371616811318
0.0760051968884
0.298783491908
0.0681000125354
0.215683797466
0.419949188542
0.126883609787
0.010145397713
0.0235858999978
0.00996642055725
0.000773062444138
0.0861251518613
0.0111282030841
0.387622661865
0.0324571616226
0.200526299501
0.56886538331
0.0788328596593
0.0720695292099
0.117792626564
0.0106728996041
0.0644815133761
5.93612684443e-08
0.363591253002
0.566543661535
0.0041921257526
0.0238652074387
0.467889814456
0.0299644511816
0.00996699427211
0.246701835163
0.066215087304
0.527524788249
0.0224037904574
0.434940143653
0.129652256814
0.528541831255
0.0954264879296
0.0032490382752
0.0172290584104
0.00208558851221
0.0109561574934
0.109706941468
0.269671268836
0.0133002665695
0.330323507279
0.211853524221
0.0404502246877
0.0181995334583
0.0741035603581
0.0160526284679
0.097816300049
0.041532960272
0.420980598608
2.2192147722e-05
0.102845254129
0.0211586156803
0.021076785023
0.0630463086734
0.0745338470668
0.101677980703
5.28426734925e-06
0.112165486623
0.262273558675
0.271940437608
0.400343803627
0.00231343420277
0.0116478627275
0.000282617845938
0.0254504536393
0.000460801793969
0.0187034613838
0.315829575679
0.00810605310607
0.0211773351239
0.0910153603749
0.265608224775
0.0728109826249
0.139332745164
0.205993413009
0.000151381397479
0.144808277253
0.065768368111
0.188282061923
0.0702397804968
0.33798296052
0.334920528835
0.118629639217
0.0820665922842
0.182139642516
0.0889661965515
0.0684265886632
0.291296175673
0.104719810276
0.00144950437592
0.0220256716532
0.00385781851724
0.00162397651907
0.172072482341
0.197702179523
0.0556263855769
0.312795437225
0.539625164436
0.024474375025
0.0163874862235
0.00088243837455
0.163326286258
0.00624893133894
0.00481703440721
0.0897362480181
0.102402906432
0.014079783408
0.196284524729
0.00229769853598
5.2577796525e-05
0.223857206707
0.0386406711338
0.407464319121
0.285533260171
0.00377659435826
0.166976310183
0.00782063606527
0.527160557793
0.290853555561
0.329983509743
0.139821677862
0.449380147154
0.25467907891
0.452580147859
0.246479445486
0.312381922814
0.0177818129848
0.00520035676143
0.0508475193416
0.0191132785658
0.0610749661782
0.000831866540855
0.307949665051
0.0990728005612
0.157467283363
0.0465816563159
0.00626642604953
0.0205568636649
0.152355617597
0.219289790405
0.0168478083554
0.20062842323
0.197362533914
0.269225816334
0.00372805618627
0.143862260444
0.0756669446194
0.00591886702827
0.025076644236
0.0121946232835
0.1032822843
0.122588965729
0.103345028192
0.134478140113
0.0347955437933
0.0927508588523
0.299936056334
0.00305529259823
0.494662916265
0.28658517326
0.568116046281
0.160529124717
0.235164552445
0.270317391997
0.0601291271222
0.367308382547
0.00309590978494
0.00641539628489
0.0631444723104
0.566778539503
0.00871363138866
0.0215644282262
0.217072204163
0.0667219498133
0.150963675678
0.0586185678139
0.174857804634
0.0266172289642
0.119467693412
0.0204277172036
0.0164151076098
0.340570104231
0.191703627617
0.240916289279
0.153848819057
0.166377419937
0.275283891988
0.0253929971289
0.00024785069702
0.149979550682
0.00618071784008
0.109406055436
0.0730514589887
0.399502811443
0.130510195101
0.326816805275
0.366902895704
0.0522284790589
0.0452365968119
0.0621206188911
0.111662530937
0.0134329879264
0.000196493713703
0.164476575333
0.512163588334
0.019634953478
0.127061656648
0.0244989634164
0.164510794889
0.000247967145326
0.0872803191849
0.0904986716501
0.316979528491
0.538762636894
0.395100787215
0.0184476442933
0.0858275941464
0.0558884950965
0.202535564473
0.0421407433289
0.0828166301493
0.256036621339
0.265843762218
0.077793772527
0.0179226633533
0.00284703339684
0.180726995493
0.0926606045704
0.0325431139401
0.0119579672917
0.397154250092
0.313154568717
0.288271248737
1.58614135184e-05
0.0281012751569
0.0971028382806
0.0243065622758
0.00121905011242
0.35205639003
0.00374215910915
0.00112311052498
4.38220280284e-05
0.00136316203457
0.124917488774
0.126827820117
0.078081125951
0.0366968592332
0.52968663042
0.0261320616407
0.00259861646022
0.0482483426064
0.000101708313495
0.0507525853692
0.43398001717
0.0248498652549
3.75037030459e-05
0.00829696080814
0.100654960208
0.101809513387
0.000614574718712
0.155881657303
0.0563085389019
6.31263686174e-05
0.178093746016
0.00823893007451
0.203593096536
0.00553852679004
0.396264370849
0.040677408744
0.0171982923883
0.0868110526427
0.388406019045
0.0924560768323
0.0568033522616
0.0155146245199
0.206580752759
0.151100061519
0.135091281449
0.000611050179605
0.00351928711705
0.00876754478246
0.114097051699
0.212140954948
0.00363141261166
0.088216036685
0.0851728566731
0.039792320934
0.162292504299
0.15642449328
0.446372830315
0.000298897216589
0.17948400757
0.346463456675
0.0816379304387
0.0145479298758
0.0176719892418
0.00147119898387
0.00762700200105
0.166400394798
0.00311826903041
0.441456045564
0.0323057786683
0.215191462127
0.0233414690391
0.100223848134
0.314649697108
0.413827989713
0.0373569470882
0.0136388304884
0.00743580242559
0.00440988384919
0.0156485992949
0.000738420557806
0.0232597286534
0.0233417694451
0.0209382859622
0.1576392026
0.0086195417534
0.00129627466586
0.0699182433764
0.0171847590656
0.0309733563288
0.00983203953228
0.0396095142683
1.06953811734e-06
0.195523935653
0.0887771540901
0.0209814572104
0.0210506303942
0.0301625541975
0.132143930963
0.00959695867007
0.0259962164286
0.265396195168
0.0254293460424
0.0901328406645
0.00493983078751
0.33856815545
0.306398380193
4.66946107561e-08
0.0594073509874
0.164560920493
0.308200717244
0.314769379836
0.00811935951131
0.000427079606811
0.0426979200878
0.441555841159
0.0162910827984
0.000401255167123
0.00166745312699
0.0316744229722
0.0601603500343
0.023424763091
0.0526387320703
0.00266987926878
0.0387709077911
0.0286388721976
0.00674047200863
0.145293100904
0.00457168716922
0.079908311894
0.000694223521316
0.00104414764881
0.00138678566609
0.186282202646
0.0488829354368
0.00732883903867
0.045217471573
0.0925607423749
0.0666512206135
0.466399976644
0.0698027342958
0.106247330389
0.033941466124
0.0660839130612
0.127047832598
0.0301291114727
0.0101878152878
0.228282253198
0.103405385935
0.0424561142514
0.00256631621147
0.0195734337435
0.0805879627275
0.00272536418865
0.001126713291
0.0461863336861
0.0709556621203
0.218283603119
0.301038568194
0.000185262101051
0.323637071252
0.0223868145777
0.014886457383
0.00790343870819
0.491839537641
0.261468536827
0.112722517167
0.0782560252612
0.00374774188341
0.486095495133
0.0350891695008
0.0340870748748
0.0365284186477
0.0415224001379
0.256947704976
0.0796563227095
7.88785440427e-08
0.0126381425633
0.102980236103
0.0122502271964
0.334960202383
0.376160533904
0.161987702859
0.0493927053788
0.00505464703997
0.184580230968
0.153285048572
0.000818851655356
0.0348648440393
0.0270123271405
0.236639952163
0.0126750475094
0.103908122015
0.105352427543
0.0474740178683
0.0860604920365
0.000346894753198
0.00120038178124
0.069210967886
0.0398868583768
0.0937452312843
0.000544341455287
0.496504298196
0.0770488002746
0.227336082417
0.0243756390754
0.3240581965
0.0928837420247
0.0514804533461
0.0594447974913
0.35178715791
0.29143518342
0.233998050818
0.00181825064861
0.00831436419893
0.0234909554933
0.000285826763775
0.0011563278149
0.0853009515446
0.196718579018
0.0509167359236
0.040711533441
0.0209934650458
0.0011540947427
0.0414481524559
0.0101854916171
0.415656405964
0.00809511931307
0.169815539185
0.0625121651907
0.00192137982531
0.153326568249
0.339551732767
0.00556401687691
0.0637629167824
0.0209001292849
0.209925797085
0.0739294671544
0.400764313769
0.0382709581453
0.518356161789
0.0284815347734
0.145958389807
0.0228874484992
0.378457940338
0.000550470891063
0.0307809586909
0.03388173452
9.25066734359e-06
0.0840950313383
0.0353776397168
0.000389398860548
0.0713667693272
0.00979938362459
0.0494000928126
0.00373912980206
0.219847488896
0.00116056344296
0.00632635031777
0.000770116913666
0.000185746116845
0.198861469495
0.425771660159
0.000503699956395
0.0920108087444
0.00135319041951
0.0548758927262
0.459575905959
0.0513512126772
0.0125435968193
0.0369533266225
0.0337310151577
0.041812636486
0.024388974255
0.00901533268917
0.108952798378
0.406325616668
0.0743951750495
0.15478265026
0.482266166319
0.0698620629768
0.409462199021
0.366349011687
0.458303703747
0.266851931674
0.284736047346
0.151275111137
0.266456994779
0.162386362945
0.045631278516
0.0242835397822
0.000683014251008
0.0760494329794
0.0603000256834
0.0651204527918
0.057727024697
0.100884205004
0.0231995411542
0.0441208903045
0.000657672315048
0.0112009190979
0.00357351806554
0.000571002452065
0.00301553285305
0.0133388540666
0.08231757417
0.360241807283
0.217776460063
0.0422306757082
0.0617087322686
0.00725668236141
0.561183325472
0.00342193243019
0.17507853067
0.115860695993
0.239547272546
0.0187369290476
0.144764717212
0.0393356526628
0.022704004418
0.000198694265601
0.278066269308
0.0619574275555
0.319848140374
0.0836520930254
0.494225940814
0.1101085492
0.0256211996491
0.0384283203228
0.000166816219052
0.3158312854
0.0755290075751
0.00413361139921
0.00413158069061
0.0148695614316
0.00159478689936
0.0373800851552
0.000654914622318
0.00900536529102
0.0245524654514
0.01465325172
0.0241532978882
0.410321046362
0.339966397059
0.448093740309
0.203429001334
0.269372676383
0.0579844445928
0.227970168468
0.402333750474
0.107618905007
0.17114091769
0.0732733043208
0.000750287175687
0.0143793163335
0.180165076394
0.47365346768
0.354267931811
0.075920173962
0.0512003106728
0.3785370851
0.29721768914
0.0519862728791
0.0789484384517
0.120093690538
0.0127581105699
0.0865385428335
0.0384377860036
0.0226621869632
0.00603778295742
0.0843477225455
0.000478948672076
0.00847040099805
0.0620109613449
0.256812197525
0.139678118324
0.086543198244
0.093133696709
0.000797828882041
0.147491944808
0.0856275395628
0.0250565569165
0.0158948616678
0.0402903971053
0.382222709798
0.25476890054
0.366444128316
0.48005838311
0.0234875337519
0.0339385973229
0.448010781456
0.527520563703
0.41465714976
0.331745444658
0.0339728633308
0.092675542862
0.00545400074061
0.0496499163765
0.0184612687891
0.0134946895728
0.244329701612
0.120896183774
0.000719217172193
0.00172062385723
0.0473648306104
0.107223406635
0.0440487667193
0.08753046829
7.29125682028e-06
0.0617556441271
0.0299540398457
0.447624465956
0.013338328075
0.0258210442608
0.267234696419
0.0365553771572
0.00650959299067
0.113937854395
0.0149010860994
0.209032043173
0.491846986497
0.484511565722
0.00178948021286
0.257891221782
2.56023593934e-05
0.298490220013
0.0202560879067
0.170717089099
0.000200698564094
0.13858440809
0.31091492771
0.242708289981
0.108876130073
0.309406812148
0.0921228102753
0.0672762939498
0.192674551211
0.0186081584986
0.0822325536206
0.00338464900216
0.0223566947674
0.0810837741308
5.72195350822e-05
0.0465229624695
0.0775751694956
0.0362019917211
0.180377135894
0.402444933677
0.550473715304
0.037058975175
0.0337416568254
0.167392192076
0.0600028127399
0.0150235032493
0.0292588491032
0.0167874487623
0.037536569403
0.49633634783
0.0163044113374
0.0443763994565
0.45039345917
0.159980631193
0.00126644396854
0.347726957135
0.000791315903279
0.00373877363829
0.417452834496
0.00397476696248
0.0345229403382
0.425419885614
0.122682153883
0.228192852945
0.0878985511005
0.00729581749075
0.131128919326
0.013327571522
0.131100353493
0.00240551489962
0.0236772321724
0.0646574898303
0.00137103501786
0.00675687707457
0.000158982134942
0.00365409639232
0.0361632055713
0.0738216614381
0.0564271441905
0.00646981456
0.0759920672588
0.0699519164653
0.174268326679
0.00219753798723
0.301296488631
0.00143626651977
0.0268492681938
8.93161714694e-05
0.0330236387493
0.000318905745421
0.0323433166992
0.0255925989931
0.0476357273489
0.00132702067975
0.117701118323
0.00018683769196
0.0858308972956
0.066984531617
0.0759800054136
0.151201404051
0.0409818422279
0.021928816527
0.102261430607
0.0963986734055
0.00516583855657
0.267782431789
0.0461254943568
0.0128909788199
4.87206967571e-06
4.03685207809e-05
0.181532576243
0.000942252370797
0.00664230981152
0.0170894137863
0.145505183602
0.195068960116
0.0746167655418
0.0781315636989
0.000213769102963
0.00700910389665
0.000980037983211
0.0810504392989
0.00275135963165
0.0232197203472
0.152107605572
0.0129299155672
0.107711933864
0.0250284308749
0.352833787563
6.30278799542e-06
0.0220038352988
0.00212042258271
0.128107305248
0.0166161377692
0.298235391197
0.00176109647639
0.355101005393
0.413230005664
0.00923951175694
0.132737775174
0.143237580959
0.361008174655
0.0341754212811
8.72832887299e-09
1.21250334011e-05
0.0111825872768
0.0313766165949
0.0180073762282
0.150552296621
0.504848471195
0.130621230193
0.184978085069
0.0250913816436
0.0258578825004
0.168812585693
0.00274590989055
0.0019781162427
0.0210490719656
0.00771876102291
6.65873245246e-05
0.00371410969233
0.527414775488
0.569213046632
0.171878464586
0.120477171612
0.0643781425541
0.0057825752038
0.330558387434
0.00236053734187
0.190276171389
0.0474254550658
0.0768838543167
0.000327336877601
0.0126576593214
0.000604532982476
0.0786475534028
0.152361489988
0.0117568200963
0.0563148729208
0.0122730014529
0.00439026132412
0.0104211919842
0.0184687106095
0.0270687891551
0.00525004617342
0.0210318865253
0.548816307212
0.170740414921
0.11722851884
0.0195203437506
0.0189553785121
0.0152651773658
0.00165235176144
0.138015369864
0.00603427550041
0.0567114010076
0.000715297550278
0.554059449142
0.465785262137
0.00260570189358
0.15824708477
0.0131782851213
0.0658792197864
0.0611008846978
0.090333694431
0.0026551528648
0.0970165407414
0.00446211218024
0.008839177671
0.0839182259989
0.00215475512132
0.0245525064183
0.00732430039275
0.00384557908639
0.0446890397761
0.015517907925
0.0576095721223
0.364214885737
0.162113665989
0.102147183791
0.292028271446
0.227192809515
0.0156935262258
0.104024215114
0.0941881752203
2.53327757837e-06
0.00482683550557
0.0071648602823
0.181378812287
0.470750140793
0.00927765208679
0.0600144028298
0.0229421198364
0.0600973725751
0.0180688004959
0.00665845518706
0.0277232821476
0.036450992653
0.0474658022629
0.0281756721838
0.168964199167
0.0152780009696
0.00144330004038
0.000436726045505
0.046158390738
0.000955139044792
0.131757625861
0.0108841402085
0.0374766135883
0.0483299410986
0.00771215088917
0.189072208901
0.357680364468
0.30305374094
0.000111786880873
0.00106635016678
0.0555220031393
0.00757028267225
0.0112263800061
0.00263312873535
0.0543629701285
0.259030152126
0.0694941872232
0.0415058987324
0.0520409107299
0.00101759238568
0.0141476989021
0.00309959319221
0.0614142286935
0.0210793064649
0.0683904335397
0.0475302209272
0.00807854543682
0.0126821385657
9.15541346177e-05
0.012785570987
0.001532946909
0.000371838032993
0.000788858741875
0.00556855601508
0.366370441737
0.0129968438955
0.0560695798202
0.0705505040324
0.0638000505046
0.00146857150656
0.0492568565469
0.00488252205467
0.000749275527357
0.0239708886999
0.00519265045767
0.00615439671645
0.0880882689914
0.000569211725299
0.0151097043391
0.0563256957711
0.0543365956732
0.0018885475174
0.0321991266061
0.00784218858651
0.00914315876697
0.0637883409063
0.0197030283023
0.00932442412556
0.0311187140066
0.0351233109142
0.0276146252503
0.0176595004505
0.00149055087557
0.0142128445327
0.124949287209
0.0758505894592
0.0497136727858
0.00375621963935
0.00769711197329
0.108642503979
0.000823242635799
0.140252362481
0.0219455480027
0.350481825228
0.0121448177796
0.230808392805
0.0803313595408
0.533003285013
0.339711617268
1.80955940098e-05
3.99358402942e-05
0.000797971329538
0.0365122403781
0.00751363919022
0.0561029594143
0.0938029949686
0.0406518873838
0.0363636547245
0.00278703130521
0.014396246135
0.2519548872
0.122317807786
0.0578835540772
0.0203696553582
0.0305387235759
0.0332062286504
0.0329015851814
0.00240103277331
0.0443546478874
0.131198670356
0.204336151364
7.89626093649e-07
0.247956706554
0.00598388979435
0.0691778562814
0.0923550761648
0.0626118555474
0.00378248376844
0.0693462177572
0.0565180785549
0.170308195941
0.171343612228
0.0448664934073
0.0584664404295
0.0260002617369
0.042284357083
0.0758957667643
0.0102558956619
0.04883794465
0.0451399237036
0.13762109693
0.0582050663935
0.232524372932
0.000274212698881
0.0550029789906
0.00804924311712
0.117087814665
0.0111798400813
4.94380419541e-06
0.0109250256811
0.0217867850157
0.00213018940933
0.0708677922733
0.119384063361
0.129529268584
0.0211593427977
0.0338132513408
0.0342290193345
0.108642215946
0.00851540601628
0.0184951475199
0.0412320965735
0.100778049138
0.0231401574418
0.00721048333804
0.0498257896317
0.00718201378551
0.06687403808
0.0104859947368
0.0562391302
0.00802935254117
0.000324229759073
0.000217050297612
0.00653603828953
0.000822539966935
0.0296934212949
0.0564598248953
0.0259089975099
0.4617060027
0.0416170312899
0.156343870632
0.120837569295
0.190530310786
0.0560178218033
0.000743051944884
0.000728776737616
0.0154827480609
0.000117869515198
0.22556746215
0.13368145615
0.110964842622
0.0978846263316
0.00886249087777
