0.958168931045
0.222907359065
0.222067473779
0.211384785974
1.14645081896
1.22977526243
0.0855297747346
0.157378187345
1.16195138585
0.291495783591
0.711520955752
0.766787579989
0.363793933508
0.0880787931565
0.160949675304
0.619772360788
0.35445837397
0.111282870622
0.0733988879519
1.31269666956
0.807397740169
0.410140243559
0.571399512509
1.92950458757
0.287913553023
2.09308964068
5.80823284766
3.48680212365
1.1954122856
0.312700686956
0.978528762764
0.453224683154
0.972906918626
0.481250717312
0.0855367364473
1.04162890572
0.50850808034
0.075608885903
0.139746307406
0.168015873229
2.71682973404
2.4767779313
3.76971363992
2.27014670135
1.35984314972
0.879456205936
2.28610484871
2.33468975779
0.924275303927
0.115625261593
0.52402248728
0.269497992562
0.250206502725
0.281979779846
0.272279489745
0.698570724068
0.803373634061
1.2557019643
1.59517646721
1.77319911638
0.398871015688
0.571510094409
3.15701266738
0.1900911248
3.2432774154
2.02759591396
3.50349067
2.79046452769
1.09491261021
1.33998580687
0.883880093269
0.611328046834
0.66683556216
1.00311546819
0.258796712576
0.0793597570249
0.0803826492852
0.152670448697
0.344680451757
0.00811266578217
1.13290078206
1.37476875183
2.20150077148
2.87469551228
2.16459061871
4.88027025432
0.154264507185
5.91645373699
0.605995386071
0.344128424944
1.79551786536
0.904351383314
1.74947176067
1.43217156377
0.365490164774
0.24014815098
0.200169363231
0.505425861425
0.427884288811
0.309422612874
0.276272270109
0.683347077589
0.79484603056
1.53627220911
0.955056915618
0.0646290790024
0.0302227283387
0.823191904776
0.937235761993
0.143869227741
0.618953081459
1.94680656531
1.70587451181
0.998311759145
3.76671729317
1.84887160634
3.69497796031
1.15327862704
1.4379344638
1.11910132933
0.914656292609
0.493316226717
0.0477384962099
0.681935383936
0.275390035704
0.448586412484
0.916749981845
1.16330048198
0.424841817284
0.733770871854
0.237727401692
0.284146975265
2.1120836416
0.09368733908
0.577408745243
1.084595914
0.789826177187
0.588642315797
0.140862199155
0.26193298642
0.209812777382
0.000464908564425
0.309508971901
0.0835979374229
1.28795764558
1.27767382465
0.674655154633
0.155634534856
0.185139285808
0.724054573825
0.43493378561
0.237279106588
1.42165760484
1.28514147655
0.943636515252
0.562930731984
0.0177374134328
0.00665159413695
0.0458437853538
0.257467617574
0.336116816133
0.279174544593
0.701941067423
0.362929965452
0.155604874854
1.19173854254
0.950688426829
0.590691791843
0.412317857271
0.259694582434
0.272913136687
0.393178203378
0.0869201389082
0.471463171962
0.463289235922
0.235069190517
0.122156765652
0.152629021612
0.270011796766
0.131303687286
0.370744808778
0.355565102485
2.0312795398
1.36905239288
0.117233418624
0.577290042731
0.257913876132
1.72297044239
0.547334784979
0.370179297949
0.767446349623
0.307324906201
1.42579179063
1.38797887953
2.47025261673
1.22017669116
0.194077718986
0.0585583469945
0.387629953589
0.0809703963477
0.250007275496
0.0736656095373
0.145060150728
0.0458446567321
0.0462809603285
0.129234779381
0.166797526343
0.567841013739
0.535843834158
1.71452259448
1.94944542732
0.144390414178
0.239363218773
0.229424140028
0.161775550295
0.0442855374202
0.00631256676791
0.558702804391
0.195355017504
0.127093967701
0.119411460612
1.42898134146
0.125081243119
1.31461450358
0.759302311694
0.447071061432
2.53573247677
1.27586694747
0.689158384379
0.984955413892
1.29606598922
0.0789050509116
0.0508970477449
0.840039609557
0.09122767391
1.25122726292
1.12367748138
0.841506149568
0.27341748488
0.0659405408782
0.00419732762224
0.231694743031
0.242370603823
0.092789284496
0.104321396257
0.167870785862
0.211105028335
0.110370573695
0.0565966953522
0.00680606655303
0.144901576466
0.292506341488
0.160841484752
0.119598924114
0.468279075377
0.535405773127
0.250051608892
0.474553755481
1.98195091128
0.0841768001283
1.26519626635
0.484623915681
0.438499060047
0.0806966698161
0.0608955116364
0.217828860482
0.567668080971
0.444199020347
0.281072522429
0.124968559546
0.0552420043621
0.394068046711
0.300803714673
0.196599104769
0.0620481619705
0.00937002518788
0.291713396436
0.136252087209
0.0403714767595
0.00663855409496
0.229086748377
0.213582081516
0.360558315012
0.517958203389
0.680585233048
0.167853183159
0.830840052419
1.00846549394
0.500066030901
1.17965452111
1.32095287819
3.0492532507
1.04807042779
0.147978180035
1.78244142609
0.976260952467
0.541416166992
0.87537638896
0.400321577079
0.355559641147
1.01932136878
0.784805135501
0.252793521326
0.502266599278
0.391302541323
0.243661428748
0.525137296949
0.75167728182
0.867467759387
0.540859785678
0.0188580923531
0.420983619494
0.365184658385
0.382904745497
0.0441995866261
0.016934558836
0.110458070575
0.0926890777141
0.0562635472321
0.15569969544
0.151994307764
0.0388899117737
0.049871416658
0.0298348937883
0.113792159858
0.383241947991
0.0747807961237
0.426076027426
0.150176176834
0.246013774325
0.773270827154
0.0597635645467
0.11585975458
0.0233845015358
1.70460731928
0.283895757091
2.03984045095
1.28865761676
0.895464891467
0.219227931239
0.958257352679
0.137239885501
0.550458509011
0.370472060182
0.664326380458
0.93099536446
1.28928378746
1.06582733036
1.06997976152
0.750522464647
1.03053756667
0.887984507206
0.621308625634
1.2023017133
0.900102659141
0.382876643187
0.613771203229
0.74338824342
0.347985328726
0.792369689614
0.83737406681
0.821048517722
0.234894197276
0.320188447853
0.225795856405
0.315991166556
0.975900349024
0.217197679407
0.337299534864
0.0572176722993
0.0210785142062
0.209914885581
0.0788809272164
0.0900048796856
0.318394801813
0.162124691902
0.607495084264
0.247425028043
0.207756661348
0.48907344446
0.0939313042422
0.391050959669
2.55952586876
0.256409532596
1.2859410045
0.728026853912
0.78442084553
0.767050638287
0.570797276412
0.177837914098
0.87925087998
3.54322069498
0.628656646066
0.150565532609
0.0352258435407
0.28623532119
0.988727664195
0.412954019796
0.0778130054598
0.609603815046
0.275690400429
0.797062619689
0.546610914552
1.64155058565
0.260959791032
1.26133716432
0.464417697193
0.950276838081
0.987386854424
1.0910842708
1.24716760281
0.648034866764
0.356207256786
1.32694745821
0.815020252394
0.100724365042
0.153577016502
0.0998319616017
0.027804000506
0.29347087055
0.105490298531
0.622593496485
0.180158712314
0.447801629632
2.48250493052
2.34155057095
2.69710229794
1.19984299633
0.75423165096
2.17877145919
0.280771899697
0.26845768607
0.343209304309
0.103309726571
0.253932103871
1.1578705943
0.000243641680433
0.602985284234
0.977858787696
0.752690946893
0.944945413266
0.0647466273453
0.154483680169
0.684024717723
0.173102429739
0.0998348349631
0.49669088492
0.257322924171
0.778933682999
0.966202048771
0.756731256948
0.956562125823
0.959524271307
0.72630901705
0.149678957965
1.04856788263
0.893777641157
0.659499919373
0.82630586197
2.16100158405
0.360072571593
2.12726840648
2.43886036156
2.31794990551
1.90557862694
2.38587336536
1.80532336858
0.727008824744
1.14720660437
1.5993967008
0.308911780173
0.0570003357464
0.131259507886
0.0456682440237
0.104671665189
0.331220382025
2.16053455801
3.45961630286
3.25592678684
0.51929882422
0.913332981933
0.115326781666
0.574737772623
0.460275487313
0.201122412196
0.134905646503
1.03586496935
1.3761026414
0.272219691349
0.126698967904
3.31932191624
1.89285252221
1.41942279186
0.312755975241
0.203796369624
0.833358083823
0.648830177017
0.00471085424546
0.320694954947
0.145460014026
0.145178459225
0.2510902401
0.273008877267
0.318869849159
0.00229875343377
0.334911162285
0.512126506514
1.12829722687
0.825418376968
1.24644491106
1.69438365416
2.19705490093
1.90891061369
2.11702853644
0.521479086453
1.11370663729
3.89641483744
3.39211186179
1.68683105637
1.10430599436
0.840708452599
0.632727274287
0.0480981725512
0.107925264547
0.0168112416537
0.159531983123
0.0214662943698
1.37699072704
3.54103229947
1.13272695347
0.136760598799
0.561987166828
0.0900336220868
0.145524345468
0.301687521079
0.515371928587
0.269835102655
0.373273016925
1.72481176536
0.453864972221
0.995732848498
2.62351384208
1.09705991195
1.07902908744
1.78914722464
0.0123037147837
2.63485110093
0.380536827722
1.91226165322
1.82908856369
1.24258213123
1.31081091422
0.256453442385
0.433914809523
0.265027886262
0.581363019567
0.788005517766
1.2339881583
1.36564081729
0.88595638468
0.578723188437
0.344426536749
1.16557801955
0.28647267284
1.6241939872
1.79768691598
2.18116875704
2.57404556264
2.39781871388
1.70688517748
0.89367780194
0.426778212326
0.298272017714
2.48082502838
0.261584763821
0.539718607863
0.323604403981
0.0380723571101
0.148410483637
0.0621113396832
0.0402985920235
1.79880981119
0.414816203084
0.444637132415
0.2358524657
1.20547377716
3.79118673888
4.48828847608
1.11304410205
1.09562321618
0.559281179037
3.51185997762
0.734591835264
0.15644288103
1.98492542385
0.875578947268
0.128013617336
2.47884392386
2.75320548162
3.42433918968
3.00438166114
2.58757469765
0.822023056654
1.29648604561
1.09572441252
1.11969292066
0.0297058643125
0.404136469844
1.08556967149
1.96378365715
0.97225716474
1.20279144989
0.0790501824093
0.0694048586715
0.29956009083
0.320004541268
0.118658263125
0.443040093817
0.0479343148066
0.00725105485602
0.47313550565
0.196572305104
0.638329318707
0.534353123104
0.850083629441
0.061454001971
0.408627348794
0.0884343602073
0.793071369954
0.726058233059
0.874354003119
2.06325471786
0.827686506081
2.55457257495
6.26100092608
1.44198496602
6.54465028506
2.24802821478
1.3485647513
0.539308404868
3.55274306464
1.90042075074
0.574441911548
0.373927369768
0.670358223008
1.49113673044
4.02808606996
2.37149891645
2.22416232991
2.49834343498
1.6963854544
1.73635457238
1.42934170341
0.894959596547
0.50465738765
0.672740773151
0.496466963136
0.558911372951
0.84811286603
0.814944921267
0.133348464501
0.0721134991623
0.225493945244
0.138250781429
0.247133498697
0.0288420966792
0.554932126527
0.314758320877
0.39682147543
0.215827839529
0.0791607607943
0.14337664965
1.4104184258
1.75422082248
1.9992924195
0.390327577296
0.809924642263
0.468283878011
2.45810368436
6.33717502513
1.39654534926
2.02318387964
1.42847119118
3.01326392048
2.00812830451
9.40143813476
1.07451166118
0.129799107683
0.447915642984
1.23603252846
0.444255032514
0.51886974891
1.29045964657
1.57451631709
0.816786363441
1.98158957087
3.59348276364
3.6266258979
1.3754817989
2.39964865481
2.75056633383
1.10255037846
0.0610578101987
0.379291787999
1.36080666373
0.275076252373
0.829862349966
2.18940232287
1.64834229537
1.35548708006
0.0769341733449
0.158356067885
0.110429268238
0.321375612484
0.350127070831
0.321473215357
0.366712612427
0.186535636792
0.304550256694
4.66049796027
0.547664182081
1.14223483023
0.0552747012496
0.914586761992
1.80958409924
7.86151228042
1.22592625597
1.44060971659
0.703322768197
3.15432018429
4.0305511686
3.59150308266
3.36637157708
0.535336504696
0.753734732039
0.400660859976
0.484937678929
0.51992056316
0.75930610159
0.245212412251
0.804435764972
0.606059718631
0.0556409002887
0.0800961689776
1.00673904853
0.251285638886
0.752846956229
0.0933468338438
0.14684831707
0.465910081628
0.258305922916
1.38227995954
0.388540442783
0.242112717167
2.18627392629
0.854754744539
0.418160022759
0.163147874532
0.345640989196
0.142925565256
1.16516000326
0.128121456477
0.583583845074
0.437839728231
0.490832241482
1.18038917101
2.15394169366
1.02599212921
0.392235667752
0.815436745084
0.407893883182
4.08682095614
1.3986254405
4.54126600974
1.08687094957
0.524675034653
0.15935180303
3.5716943386
0.01574327466
0.387271933765
0.0786175415545
0.330765861957
0.270280334077
0.63206234775
0.361261948039
0.571678935483
1.4389169573
0.60572509912
0.228535509405
0.212688967302
0.249240082834
0.334159439396
0.115900767583
0.0140176215423
0.405557117227
1.43372267653
0.831442381934
0.715656054494
0.140124778244
0.356457089491
0.156521447145
0.405599303363
0.0157469725765
0.295432427443
0.300829971329
0.563009350269
0.9908712869
0.734004521031
0.628570431388
0.135822105319
0.292963468962
0.23640747682
2.21645769501
4.40386301832
1.67957535466
0.450039514346
0.205282106694
0.28777878683
0.506000613971
0.515600390049
0.27891535011
0.133875551739
0.0533575992417
0.425119977762
0.304402044294
0.824650567159
0.180397100698
0.109352491018
0.835435195856
0.630201753482
0.96963867505
0.559602152173
0.536908976212
0.00398263901433
0.167634349573
0.311613283222
0.15590561977
0.0349148981441
1.11316523877
0.593343399752
0.0611731894636
0.0335128411952
0.00661982084564
0.0369210242893
0.353436682836
0.356128937488
0.279430001881
0.191564243097
0.727795733994
1.11658994912
0.954644981135
0.161654142046
0.0509766266069
0.219655053678
1.54495493705
1.15476104227
1.59849734809
0.0100850539659
0.225283344633
0.658771597118
0.157638400318
0.00612402670192
0.091087654532
0.317261658901
0.319076030731
0.0247906175541
0.394818511854
0.237294203262
0.792975751221
0.00794521041996
0.422011547254
1.09213580281
1.90667717901
1.49915438665
0.0907685522332
0.451212917075
0.0744212791481
0.629495330284
0.877043010366
0.201686411897
0.131142260116
0.294637154213
0.623222287025
0.304065908698
0.238334538541
0.124557715618
0.454511554043
0.388715913642
0.367547658745
0.0247194291925
0.0593235797727
0.093635168513
0.33778255091
0.878875886306
0.460587619186
0.0602612032045
0.297011846035
0.29184389093
0.199480126664
0.402855438463
0.395505364414
0.668111390649
0.0172886441512
0.800646381687
0.423655529375
0.588611464954
0.285723520976
0.120614799572
0.132936034399
0.0383562118029
0.0873327086552
0.407922045001
0.055841463362
1.09462964368
1.17387201009
0.66442158722
1.75874300074
1.23420524302
0.179738083522
0.463887337752
0.152779151193
0.316581503145
0.560936446585
0.825574764559
0.643294636782
0.193279453352
0.116785403576
0.0862310989469
0.0664069563313
0.125094361563
0.0271738947854
0.152511404995
0.152780134327
0.144700677131
0.397038036717
0.0928414872425
0.0360038146016
0.264420580471
0.131090652091
0.17599248941
0.0991566413927
0.199021391484
0.00103418475977
0.442180885672
0.297954953122
0.14484977463
0.145088353751
0.173673700362
0.363516066995
0.0979640682601
0.161233422182
0.515166182089
0.159465814651
0.30022131947
0.0702839297956
0.581866097526
1.06108139583
0.553532636972
0.000216089358267
1.16116342301
0.243736232406
0.405661090682
0.555158281253
0.922933468084
0.561043117627
1.00561609941
0.948637718879
0.0901074886528
0.0206659044518
0.206634750436
0.664496682579
0.127636526114
0.0200313546003
0.0408344600428
0.177973096203
0.245276069021
0.1530515047
0.229431323211
0.0516708744727
0.196903295531
0.169230234289
0.08210037764
0.381173321343
0.0676142527077
0.773803187558
0.282680582803
0.0263481217797
0.03231327357
0.0372395712393
0.431604219913
0.963897291812
0.221094856197
0.0856086388086
0.212644001968
0.304237969976
0.981302022985
0.839887717822
0.258168976861
0.845308111863
0.682934826058
1.25909461052
0.264202070953
0.325956025237
0.184232098517
0.25706791527
0.35643769806
0.173577393323
0.100934708044
0.477788921176
0.321567078438
0.206048815215
0.050658821655
0.13990508834
0.283880190798
0.0522050207226
0.0335665501803
0.214910059527
0.266375040348
0.467208308059
0.548669817098
0.0136111021248
0.568891089095
0.149622239583
0.122010070826
0.0889012863135
0.701312724568
0.51133994253
1.0542602162
0.33574174177
0.279742784109
0.0612188033484
0.69720548989
0.187321033258
0.184626853071
0.191124092274
0.203770459434
0.506900093683
0.282234517218
0.000280853242892
0.112419493698
0.320905338227
0.11068074447
0.981106616001
0.578757464213
1.60039934266
1.86099159257
1.06407373385
0.613319275666
0.402476959413
0.222244697077
0.0710960409585
0.429628014646
0.391516345217
0.0286155841345
0.186721300443
0.164354273265
0.486456526488
1.21744818593
0.112583513488
0.767176075672
0.322347827688
0.324580386874
0.217885331926
0.293360685908
1.55276356549
2.0875735538
1.24567165248
0.0186251108238
0.0346465262508
0.263079774757
0.199716945643
0.306178430469
0.0233311263184
0.704630611169
1.13384533761
0.277576656574
0.476797737429
0.156126996626
0.783483769008
1.06109787326
0.56926109695
0.304768341572
0.226893043847
0.899179908197
1.41038642333
0.243813037985
1.30751060769
0.59311647921
0.539847370486
0.483733450174
0.0426409503718
0.0911831354963
0.1532675944
0.0169064119131
0.0340048204656
0.292063266339
0.443529682229
0.225647370744
0.201770992566
1.05704788026
0.836111457655
0.144891217973
0.0339719699561
0.203588193312
0.100923196625
0.644714204872
2.75809397691
1.63524270701
0.0899728809868
0.412086810254
0.250024329198
1.44904576303
0.0438335468028
0.391569365821
0.582710676723
0.0745923379236
0.252513201204
0.144568770088
0.458176600325
0.27189973732
0.633059486754
0.195629645364
0.719969556155
0.168764732019
0.382045010184
1.12383540977
1.16974966826
0.939582734677
1.192415672
1.41336121602
0.151285982494
0.615189353238
0.0234621160824
0.175445030397
0.184069917477
0.00304149097378
0.289991433215
0.188089446054
0.019733191849
0.267145595747
0.0989918361512
0.222261316501
0.0611484243629
0.468878970414
0.0340670433551
0.079538357525
0.0277509804091
0.0136288707106
0.758935133136
0.445938862956
0.652511808444
0.0224432608236
0.303332834926
0.0367857366314
0.23425604096
1.4707915811
0.677920279944
1.12185609038
0.226608059603
0.111998200072
0.192232480665
0.890010360058
0.183660053244
0.204481384204
0.156169696981
0.094949105784
1.01427551524
0.330079987848
0.81120288695
0.637436755034
0.272754789233
0.39342426242
0.694453861908
0.264314326091
0.639892333929
0.60526771902
2.01500963894
1.15226468121
0.676981317133
0.516577130421
0.533606641025
0.388941012413
0.51619472564
0.402971913345
0.213614790022
0.155831767564
0.0261345413392
0.275770616599
0.245560635452
0.255187093701
0.240264489047
0.317622740061
0.152313955875
0.210049732931
0.0256451226366
0.105834394683
0.0597789098725
0.0238956575985
0.0549138675841
0.11549395684
0.286910393974
0.600201472243
1.03039974372
0.466665254828
0.205501035784
0.24841242374
0.0851861629692
0.749121702711
0.0584972856652
0.418423864843
0.34038316056
0.489435667424
0.136882902686
0.38047958843
1.61936088187
0.198332177578
0.921578336327
0.150678480275
0.0140958953458
0.527319892767
1.21031671223
0.248912489754
0.565551182807
1.39380027098
0.289226715615
0.841542327565
0.70301204884
0.331826082761
0.160066235194
0.196031426875
0.0129157353276
0.561988687965
0.274825412899
0.0642931675935
0.0642773730842
0.121940811182
0.0399347830765
0.193339300597
0.0255912997387
0.0948966031585
0.156692263534
0.121050616355
0.155413313098
0.640563069777
0.583066374489
0.669398043252
1.00554412379
0.451031042539
0.519011248802
0.240799594254
0.477462216796
0.634297840509
0.328053204536
0.41369181487
0.270690421554
0.0273913704602
0.119913787087
0.424458568525
0.688224867089
1.58967948372
1.01493178348
0.59520410937
1.04705528538
0.275536157268
1.4806027551
0.226274856475
0.615253675406
0.545176750367
0.794997234625
0.22800498433
0.280977647602
0.346545365771
0.112951806404
0.294174340882
0.196055568663
0.150539652461
0.0777031721194
0.29042679378
0.0218848959805
0.0920347814581
0.249020001897
0.506766413178
0.373735358675
0.842781873035
2.17375283464
1.76692084837
0.823234909495
0.294182253448
0.305178139304
0.0282458648662
0.384046800284
0.292621837126
0.158292630645
0.12607482567
0.200724679861
0.618241627357
0.504746372488
0.605346287935
0.692862456127
0.153256431356
0.184224312518
0.669336075119
0.726306108815
1.37313325165
0.64393877796
0.995958107088
0.575973475655
0.184317289831
0.304426580413
0.0738512067647
0.222822611906
0.135872251726
0.116166645698
0.49429717945
0.347701285264
0.0268182246279
0.0414804032916
0.217634626405
0.327449853618
0.209877980549
0.295855485482
0.00270023273447
0.248506829136
0.173072354366
0.669047431769
0.115491679679
0.160689278612
0.516947479362
1.43166204868
1.01340204276
0.191194605461
0.861568766588
1.06690763617
0.0806820487511
0.337546818079
0.122070004913
0.457200222192
0.7013180352
0.907771405841
1.42564207647
0.69606865015
0.0423022483192
0.507829914226
0.797161376253
0.00505987740893
0.980823753
1.17364735635
0.546342584843
0.142323883824
0.413179245726
0.0141668120653
0.372269268259
0.55759746028
0.49265433113
0.329963831463
0.556243482791
0.30351739699
0.259376741343
0.438947093863
0.136411724198
0.286762190012
0.05817773631
0.149521552853
0.284752127526
0.00756435952889
0.215691822908
0.27852319382
0.190268209959
0.424708295061
0.634385477196
0.741939158762
0.192507078247
0.18368902206
0.409135909052
0.244954715692
0.122570401196
0.171052182398
0.129566387471
0.193743566094
0.882759058148
0.704511424911
0.12768872831
0.210657066002
0.671113596323
0.399975788259
0.035587132064
0.589683777235
0.028130337774
0.0611455120045
0.646105900372
0.0630457529297
0.185803499263
0.652242198584
0.35026012317
0.477695355792
0.296476898089
0.0854155576623
0.362117272891
0.115445101767
0.36207782795
0.0490460487667
0.153874078949
0.254278370748
0.0370274900292
0.0822002255141
0.0126088117974
0.0604491223453
0.19016625771
0.271701419647
0.237543983697
0.0804351574873
0.754963800281
0.275666587128
0.984509217568
0.264484246157
0.417454580379
0.0468779051071
0.548904808351
0.0378981070737
0.16385746304
0.00945072333049
0.181724073115
0.0178579322829
0.179842477461
0.159976870181
0.218256104952
0.0364282950431
0.343075965819
1.11217360597
0.0136688584732
0.292969106384
0.258813700597
0.275644708662
0.388846247315
0.202439724925
0.148083815885
0.319783412026
0.310481357581
0.0718737682091
0.517476986724
0.214768466859
0.113538446439
0.00220727652905
0.00635362265018
0.426066398866
0.0306961295736
0.081500366941
0.13072648464
0.381451417093
2.91937849203
1.50762205006
0.44166611837
0.273160695456
0.279520238442
0.0146208448102
0.083720391164
0.0313055583437
0.28469358844
0.0524534043857
0.152380183578
0.390009750611
0.113709786594
0.328194963191
0.158203763782
0.593998137676
0.00251053540015
0.148336897968
0.0460480464592
0.357920808626
0.128903598744
0.546109321654
0.0419654200073
0.595903520205
0.797283277996
0.642829686358
0.0961223790641
0.364331957387
0.378467410697
0.600839558164
0.1848659549
9.34255258106e-05
0.00348210186541
0.105747753058
0.177134459084
0.134191565414
0.388010691375
0.710526896884
1.1512937104
1.30131296846
0.361415592072
0.430090787008
0.158402593551
0.16080386345
0.410868087947
0.0524014302339
0.0444760187371
0.145082983032
0.0878564796865
0.00816010566872
0.0609434958985
0.726233278973
0.754462090918
0.414582277222
0.347098216088
0.253728481953
0.0760432456159
0.574942073112
0.0485853613949
0.436206569631
0.217773862219
0.277279379538
0.0180924536092
0.112506263476
0.0245872524385
0.280441711239
0.390335099611
0.108428871138
0.237307549228
0.110783579347
0.0662590471115
0.102084239646
0.135899634324
0.164525952831
0.0724572023572
0.145023744695
0.989433398727
0.74082137335
1.0037351823
0.413207472005
0.342386505049
0.139715223761
0.137678533229
0.123552326428
0.0406491298977
0.371504198986
0.0776805992537
0.238141556658
0.0267450472102
0.744351697212
0.682484624103
1.33424119138
0.799545562268
0.051046076182
0.397802821471
0.114796712154
0.256669475759
0.247185931432
0.30055564282
0.051528175446
0.311474783476
0.0667990432584
0.0940169009859
0.289686427019
0.0464193399492
0.156692394258
0.0855821265964
0.0620127332601
0.21139782349
0.124570895176
0.240019941093
1.07375759199
0.603502183705
0.4026334139
0.319604730551
0.54039640214
0.476647468802
0.125273805027
0.322527851687
0.306900920853
0.00159162733652
0.0694754309492
0.0846454977084
0.425885914639
1.65830706954
0.686112338319
0.791752984274
0.0963205693857
0.244978372167
0.151466563427
0.245147654639
0.134420238416
0.0815993577613
0.166503099513
0.190921430575
0.217866478061
0.16785610559
0.411052550372
0.12360421097
0.0379907888886
0.0208979914227
0.214845038895
0.0309053238907
0.362984332803
0.104327082814
0.193588774438
0.219840717563
0.0878188526979
0.434824342581
0.598063846482
0.550503170691
0.0105729315174
0.0326550174825
0.235631074223
0.0870073713673
0.105954612953
0.0513140208457
0.233158680148
0.945695812724
0.508950048753
0.915221748008
0.263617501739
0.20372996523
0.228124770093
0.0318997239123
0.118944099905
0.0556739902666
0.247818943371
0.145187142905
0.261515646835
0.218014267715
0.0898807289513
0.112615001513
0.00956839247824
0.113073299178
0.0391528659105
0.0192831022658
0.0280866292366
0.0746227580238
0.605285421712
0.114003701236
0.236790159889
0.265613448516
0.252586718781
0.0383219454955
0.221938857677
0.0698750460084
0.0273728976792
0.154825349022
0.072060047583
0.0784499631386
0.296796679549
0.0238581584641
1.40193642492
0.122921537328
0.237330351559
0.233102114262
0.0434574218909
0.179441150816
0.0885561324049
0.095619865964
0.252563538355
0.140367475942
0.0965630577683
0.176404971604
0.187412141854
0.16617648826
0.132889053163
0.0386076530699
0.119217635158
0.353481664601
0.96448327686
0.27540985723
0.2229656314
0.0612880056728
0.0877331862711
0.329609623613
0.0286922051401
0.374502820391
0.148140298375
0.592015054899
0.110203528889
0.480425220825
0.793096469594
0.283427873613
0.730070739732
0.582847850874
0.00425389163118
0.00631948101462
0.0282483863174
0.191081763594
0.0866812505114
0.236860632893
0.306272746043
0.201623132065
0.190692565992
0.0527923413499
0.119984357876
0.501951080484
0.349739628561
0.240590012422
0.142722301545
0.174753322074
0.182225762861
0.181387941114
0.0490003344204
0.210605431761
0.362213570088
1.27463570088
0.452035564269
0.000888609078082
0.497952514356
0.0773556060951
0.263016836498
0.303899779804
0.250223611091
0.0615019005271
0.263336700361
0.237735311965
0.4126841358
0.413936724909
0.211817122555
0.241798346623
0.161245966575
0.205631605263
0.275491863336
0.10127139607
0.220993087335
0.212461581712
0.370973175486
0.241257261846
0.48220781094
0.0165593689156
0.234527139135
0.0897175741821
0.342180967713
0.10573476288
0.00222346670661
0.104522847651
0.147603472235
0.0461539750112
0.266210052915
0.345519989814
0.359901748514
0.145462513376
0.183883798473
0.185010862747
0.329609186683
0.0922789576029
0.135996865846
0.203056880143
0.317455586087
0.152118892455
0.0849145649346
0.223216911617
0.0847467626845
0.258600150967
0.102401146169
0.237147907855
0.0896066545585
0.0180063810654
0.0147326269759
0.080845768532
0.0286799575825
0.17231779158
0.237612762484
0.16096272087
0.679489516255
0.204002527656
0.395403427694
0.347616986488
0.436497778673
0.236680843761
0.0272589791607
0.0269958651948
0.124429691235
0.0108567727801
0.474939429981
0.365624747726
0.333113858347
0.31286518875
0.0941408034689
